((("here" .
   [1 0 0 0])
  ("calculated" .
   [1 0 0 0 0 0 0 0 0 0])
  ("latency" .
   [1 0 0 0 0 0 0])
  ("Table" .
   [1 0 0 0 0])
  ("dataset" .
   [1 0 0 0 0 0 0])
  ("MNIST" .
   [1 0 0 0 0])
  ("C" .
   [1])
  ("whole" .
   [1 0 0 0 0])
  ("calculat" .
   [1 0 0 0 0 0 0 0])
  ("article" .
   [1 0 0 0 0 0 0])
  ("MAC" .
   [1 0 0])
  ("S-shaped" .
   [1 0 0 0 0 0 0 0])
  ("diagbox" .
   [0 0 0 0 0 0 1])
  ("Even" .
   [1 0 0 0])
  ("table" .
   [1 0 0 0 0])
  ("unknown" .
   [1 0 0 0 0 0 0])
  ("First" .
   [1 0 0 0 0])
  ("calculate" .
   [1 0 0 0 0 0 0 0 0])
  ("after" .
   [1 0 0 0 0])
  ("pooling" .
   [6 0 0 0 0 0 0])
  ("size" .
   [1 0 0 0])
  ("inner" .
   [1 0 0 0 0])
  ("another" .
   [1 0 0 0 0 0 0])
  ("Pooling" .
   [3 0 0 0 0 0 0])
  ("feature" .
   [1 0 0 0 0 0 0])
  ("operation" .
   [1 0 0 0 0 0 0 0 0])
  ("pipeline" .
   [1 0 0 0 0 0 0 0])
  ("save" .
   [4 0 0 0])
  ("provided" .
   [1 0 0 0 0 0 0 0])
  ("weights" .
   [1 0 0 0 0 0 0])
  ("user" .
   [1 0 0 0])
  ("memory" .
   [3 0 0 0 0 0])
  ("into" .
   [1 0 0 0])
  ("divide" .
   [1 0 0 0 0 0])
  ("left" .
   [1 0 0 0])
  ("right" .
   [2 0 0 0 0])
  ("part" .
   [2 0 0 0])
  ("cycles" .
   [2 0 0 0 0 0])
  ("different" .
   [1 0 0 0 0 0 0 0 1])
  ("C3" .
   [1 0])
  ("re" .
   [1 0])
  ("C1" .
   [2 0])
  ("cycle" .
   [1 0 0 0 0])
  ("O5" .
   [1 0])
  ("Another" .
   [1 0 0 0 0 0 0])
  ("C1/C3" .
   [1 0 0 0 0])
  ("pixels" .
   [1 0 0 0 0 0])
  ("just" .
   [1 0 0 0])
  ("Feeder" .
   [1 0 0 0 0 0])
  ("Data" .
   [1 0 0 0])
  ("datafeeder" .
   [2 0 0 0 0 0 0 0 0 0])
  ("fig" .
   [1 0 0])
  ("feeder" .
   [3 0 0 0 0 0])
  ("buffer" .
   [8 0 0 0 0 0])
  ("To" .
   [1 0])
  ("result" .
   [6 0 0 0 0 0])
  ("move" .
   [3 0 0 0])
  ("bottom" .
   [1 0 0 0 0 0])
  ("template" .
   [1 0 0 0 0 0 0 0])
  ("these" .
   [2 0 0 0 0])
  ("phase" .
   [6 0 0 0 0])
  ("pattern" .
   [3 0 0 0 0 0 0])
  ("main" .
   [1 0 0 0])
  ("two" .
   [4 0 0])
  ("There" .
   [2 0 0 0 0])
  ("determine" .
   [0 0 0 0 0 0 0 0 1])
  ("value" .
   [1 0 0 0 0])
  ("Absolute" .
   [0 0 0 0 0 0 0 1])
  ("doing" .
   [1 0 0 0 0])
  ("After" .
   [1 0 0 0 0])
  ("A" .
   [1])
  ("implementation" .
   [1 0 0 0 0 0 0 0 0 0 0 0 0 0])
  ("piecewise" .
   [1 0 0 0 0 0 0 0 0])
  ("CNN" .
   [1 0 0])
  ("convolution" .
   [4 0 0 0 0 0 0 0 0 0 2])
  ("non" .
   [2 0 0])
  ("Sigmoid" .
   [1 0 0 0 0 0 0])
  ("propogation" .
   [1 0 0 0 0 0 0 1 0 0 0])
  ("forward" .
   [0 0 0 0 0 1 1])
  ("reduce" .
   [2 0 0 0 0 0])
  ("later" .
   [1 0 0 0 0])
  ("templates" .
   [1 0 0 0 0 0 0 0 0])
  ("image" .
   [7 0 0 0 0])
  ("dataflow" .
   [3 0 0 0 0 0 0 0])
  ("5*5" .
   [1 0 0])
  ("per" .
   [1 0 0])
  ("calculation" .
   [0 0 0 0 1 0 0 0 0 0 2])
  ("mac" .
   [5 0 0])
  ("same" .
   [4 0 0 0])
  ("inside" .
   [1 0 0 0 0 0])
  ("macmatrix" .
   [1 0 0 0 0 0 0 0 0])
  ("ref" .
   [4 0 0])
  ("figure" .
   [3 0 0 0 0 0])
  ("shown" .
   [4 0 0 0 0])
  ("As" .
   [3 0])
  ("VECTORWIDTH" .
   [0 0 0 1 0 0 0 0 0 0 0])
  ("negedge" .
   [0 0 0 1 0 0 0])
  ("b1" .
   [8 0])
  ("reset_o" .
   [1 0 0 0 0 0 0])
  ("b0" .
   [11 0])
  ("clk_i" .
   [3 0 0 0 0])
  ("initial" .
   [0 0 0 0 0 0 1])
  ("AUTOINSTPARAM" .
   [0 0 0 0 0 0 0 1 0 0 0 0 0])
  ("bound" .
   [1 0 0 0 0])
  ("linearly" .
   [1 0 0 0 0 0 0 0])
  ("linear" .
   [1 0 0 0 0 0])
  ("separable" .
   [1 0 0 0 0 0 0 0 0])
  ("Decision" .
   [1 0 0 0 0 0 0 0])
  ("split" .
   [1 0 0 0 0])
  ("gain" .
   [2 0 0 0])
  ("information" .
   [0 0 0 0 1 0 0 0 0 0 0])
  ("tree" .
   [2 0 0 0])
  ("Tree" .
   [1 0 0 0])
  ("D" .
   [1])
  ("No" .
   [1 0])
  ("fbox" .
   [2 0 0 0])
  ("verilog" .
   [4 0 0 0 0 0 0])
  ("procedure" .
   [4 0 0 0 0 0 0 0 0])
  ("Read" .
   [1 0 0 0])
  ("Single" .
   [1 0 0 0 0 0])
  ("all" .
   [3 0 0])
  ("test" .
   [7 0 0 0])
  ("know" .
   [1 0 0 0])
  ("program" .
   [1 0 0 0 0 0 0])
  ("Use" .
   [1 0 0])
  ("protocal" .
   [1 0 0 0 0 0 0 0])
  ("transform" .
   [1 0 0 0 0 1 0 0 0])
  ("With" .
   [1 0 0 0])
  ("Write" .
   [2 0 0 0 0])
  ("works" .
   [2 0 0 0 0])
  ("how" .
   [4 0 0])
  ("g" .
   [1])
  ("bus" .
   [4 0 0])
  ("h" .
   [3])
  ("from" .
   [6 0 0 0])
  ("AHB" .
   [9 0 0])
  ("called" .
   [1 0 0 0 0 0])
  ("see" .
   [2 0 0])
  ("n=1" .
   [1 0 0])
  ("ln" .
   [1 0])
  ("sqrt" .
   [2 0 0 0])
  ("val" .
   [2 0 0])
  ("leq" .
   [3 0 0])
  ("error" .
   [1 0 0 0 0])
  ("Validation" .
   [2 0 0 0 0 0 0 0 0 0])
  ("v" .
   [2])
  ("得到Hypo" .
   [0 0 1 0 0 0])
  ("Set" .
   [1 0 0])
  ("M" .
   [1])
  ("so" .
   [3 0])
  ("simulation" .
   [3 0 0 0 0 0 1 0 0 0])
  ("file" .
   [1 0 0 0])
  ("write" .
   [16 0 0 0 0])
  ("font" .
   [1 0 0 0])
  ("indent" .
   [5 0 0 0 0 0])
  ("and" .
   [49 0 0])
  ("auto" .
   [2 0 0 0])
  ("the" .
   [88 0 0])
  ("has" .
   [2 0 0])
  ("editor" .
   [1 0 0 0 0 0])
  ("The" .
   [17 0 0])
  ("subparagraph" .
   [1 0 0 1 0 7 1 3 0 0 0 0])
  ("lab" .
   [1 0 0])
  ("our" .
   [4 0 0])
  ("in" .
   [18 0])
  ("not" .
   [4 0 0])
  ("will" .
   [22 0 0 0])
  ("you" .
   [3 0 0])
  ("one" .
   [14 0 0])
  ("as" .
   [10 0])
  ("use" .
   [20 0 0])
  ("must" .
   [9 0 0 0])
  ("You" .
   [4 0 0])
  ("paragraph" .
   [2 0 0 0 0 1 4 1 0])
  ("tableofcontents" .
   [0 0 0 0 1 0 0 0 0 0 0 0 0 0 0])
  ("alias" .
   [1 0 0 0 0])
  ("usepackage" .
   [0 0 0 1 0 2 1 0 0 0])
  ("graphicx" .
   [0 0 0 1 0 0 0 0])
  ("newpage" .
   [0 0 0 2 0 0 0])
  ("paragraph*" .
   [1 0 0 2 7 0 0 0 0 4])
  ("section*" .
   [2 0 0 0 2 0 0 3])
  ("second" .
   [1 0 0 1 0 1])
  ("author" .
   [0 0 1 0 0 0])
  ("sec" .
   [1 0 0])
  ("SimHei" .
   [1 0 0 0 0 0])
  ("end" .
   [9 0 0])
  ("lstlisting" .
   [0 0 0 1 5 1 0 0 0 0])
  ("input" .
   [13 0 0 0 0])
  ("is" .
   [35 0])
  ("given" .
   [4 0 0 0 0])
  ("uart" .
   [10 0 0 0])
  ("newline" .
   [2 0 0 0 1 1 0])
  ("module" .
   [24 0 0 0 0 0])
  ("going" .
   [3 0 0 0 0])
  ("clock" .
   [3 0 0 0 0])
  ("when" .
   [6 0 0 0])
  ("set" .
   [9 0 0])
  ("choose" .
   [1 0 0 0 0 0])
  ("baudrate" .
   [0 0 0 0 1 0 0 0])
  ("d" .
   [4])
  ("have" .
   [9 0 0 0])
  ("at" .
   [7 0])
  ("an" .
   [7 0])
  ("w" .
   [16])
  ("clk" .
   [3 0 0])
  ("actual" .
   [2 0 0 0 0 0])
  ("should" .
   [6 0 0 0 0 0])
  ("signal" .
   [8 0 1 0 0 0])
  ("t" .
   [17])
  ("your" .
   [4 0 0 0])
  ("datain" .
   [4 0 0 0 0 0])
  ("shoot" .
   [5 0 0 0 0])
  ("means" .
   [7 0 0 0 0])
  ("tx" .
   [4 0])
  ("busy" .
   [2 0 0 0])
  ("asserted" .
   [0 0 0 0 0 1 0 0])
  ("then" .
   [7 0 0 0])
  ("out" .
   [10 0 0])
  ("be" .
   [5 0])
  ("can" .
   [6 0 0])
  ("valid" .
   [5 0 0 0 0])
  ("that" .
   [7 0 0 0])
  ("period" .
   [2 0 0 0 0 0])
  ("only" .
   [1 0 0 0])
  ("data" .
   [24 0 0 0])
  ("low" .
   [2 0 0])
  ("active" .
   [1 0 0 0 0 0])
  ("a" .
   [15])
  ("name" .
   [1 0 0 0])
  ("subsection" .
   [1 0 0 0 0 0 1 0 0 0])
  ("Uart" .
   [2 0 0 0])
  ("Module" .
   [3 0 0 0 0 0])
  ("port" .
   [3 0 0 0])
  ("definition" .
   [3 0 0 0 0 0 0 0 0 0])
  ("below" .
   [4 0 0 0 0])
  ("parameter" .
   [2 0 0 0 0 0 0 0 0])
  ("on" .
   [3 0])
  ("Verify" .
   [1 0 0 0 0 0])
  ("EVEN" .
   [1 0 0 0])
  ("code" .
   [3 0 0 0])
  ("it" .
   [6 0])
  ("testbench" .
   [3 0 0 0 0 0 0 0 0])
  ("up" .
   [3 0])
  ("what" .
   [3 0 0 0])
  ("begin" .
   [2 0 1 4 0])
  ("language=Verilog" .
   [0 0 0 0 0 0 0 0 0 0 0 1 1 1 0 0])
  ("resetn" .
   [4 0 0 0 0 0])
  ("dataout" .
   [2 0 0 0 0 0 0])
  ("help" .
   [1 0 0 0])
  ("do" .
   [1 0])
  ("verify" .
   [2 0 0 0 0 0])
  ("this" .
   [9 0 0 0])
  ("divisor" .
   [1 0 0 0 0 0 0])
  ("b" .
   [4])
  ("c" .
   [8])
  ("for" .
   [10 0 0])
  ("receive" .
   [1 0 0 0 0 0 0])
  ("frame" .
   [6 0 0 0 0])
  ("exam" .
   [1 0 0 0])
  ("with" .
   [22 0 0 0])
  ("n" .
   [3])
  ("package" .
   [1 0 0 0 0 0 0])
  ("like" .
   [1 0 0 0])
  ("GPGGA" .
   [1 0 0 0 0])
  ("etc" .
   [1 0 0])
  ("we" .
   [25 0])
  ("pick" .
   [2 0 0 0])
  ("there" .
   [3 0 0 0 0])
  ("may" .
   [1 0 0])
  ("Problem" .
   [1 0 0 1 0 1 3])
  ("fixed" .
   [3 0 0 0 0])
  ("output" .
   [5 0 0 0 0 0])
  ("sof" .
   [2 0 0])
  ("mode" .
   [4 0 0 0])
  ("l" .
   [6])
  ("length" .
   [2 0 0 0 0 0])
  ("position" .
   [1 0 0 0 0 0 0 0])
  ("generate" .
   [1 0 0 0 0 0 0 1])
  ("of" .
   [9 0])
  ("y" .
   [4])
  ("sof+eof" .
   [1 0 0 0 0 0 0])
  ("EOFDETECTION" .
   [0 0 0 0 1 0 0 0 0 0 0 0])
  ("otherwise" .
   [1 0 0 0 0 0 0 0 0])
  ("sof+framecnt" .
   [0 0 0 0 0 0 0 1 0 0 0 0])
  ("FRAMELENGTHFIXED" .
   [0 0 0 0 0 0 0 0 0 0 0 0 0 1 0 0])
  ("clear" .
   [1 0 0 0 0])
  ("first" .
   [3 0 0 0 0])
  ("used" .
   [4 0 0 0])
  ("to" .
   [6 0])
  ("pdf" .
   [2 0 0])
  ("send" .
   [1 0 0 0])
  ("sub" .
   [1 0 0])
  ("assert" .
   [1 0 0 0 0 0])
  ("epsilon" .
   [0 0 2 2 5 0 1])
  ("i" .
   [10])
  ("In" .
   [8 0])
  ("which" .
   [10 0 0 0 0])
  ("delta" .
   [0 0 0 2 0])
  ("bar" .
   [5 0 0])
  ("let" .
   [2 0 0])
  ("sample" .
   [4 0 0 0 0 0])
  ("thus" .
   [6 0 0 0])
  ("sum" .
   [18 0 0])
  ("k" .
   [3])
  ("k=1" .
   [4 0 0])
  ("frac" .
   [22 0 0 0])
  ("equal" .
   [1 0 0 0 0])
  ("int" .
   [3 0 0])
  ("make" .
   [5 0 0 0])
  ("each" .
   [6 0 0 0])
  ("their" .
   [1 0 0 0 0])
  ("array" .
   [3 0 0 0 0])
  ("every" .
   [4 0 0 0 0])
  ("iteration" .
   [1 0 0 0 0 0 0 0 1])
  ("points" .
   [3 0 0 0 0 0])
  ("calc" .
   [2 0 0 0])
  ("bias" .
   [2 0 0 0])
  ("plot" .
   [1 0 0 0])
  ("section" .
   [1 0 0 0 0 0 0])
  ("Excersize" .
   [0 0 0 0 0 0 0 0 1])
  ("TX" .
   [1 0])
  ("*+H" .
   [2 0 0])
  ("align*" .
   [1 0 0 7 1 0])
  ("hat" .
   [1 0 0])
  ("since" .
   [1 0 0 0 0])
  ("reset" .
   [1 0 0 0 0])
  ("cnt" .
   [4 0 0])
  ("expect" .
   [1 0 0 0 0 0])
  ("or" .
   [2 0])
  ("l=k" .
   [1 0 0])
  ("f" .
   [2])
  ("q=0" .
   [5 0 0])
  ("if" .
   [5 0])
  ("2q+1" .
   [3 0 0 0])
  ("before" .
   [2 0 0 0 0 0])
  ("by" .
   [4 0])
  ("dots" .
   [0 0 0 1])
  ("matlab" .
   [1 0 0 0 0 0])
  ("function" .
   [3 0 0 0 0 0 0 0])
  ("glmfit" .
   [1 0 0 0 0 0])
  ("-f" .
   [1 0])
  ("-1" .
   [1 0])
  ("k=" .
   [3 0])
  ("2dx" .
   [1 0 0])
  ("=" .
   [1])
  ("APB" .
   [1 0 0])
  ("Time" .
   [1 0 0 0])
  ("single" .
   [2 0 0 0 0 0])
  ("apb" .
   [2 0 0])
  ("knowledge" .
   [1 0 0 0 0 0 0 0 0])
  ("uint32_t" .
   [1 0 0 0 0 0 0 0])
  ("myStruct" .
   [1 0 0 0 0 1 0 0])
  ("twocolumn" .
   [0 0 0 0 0 1 0 0 0])
  ("onecolumn" .
   [1 0 0 0 0 0 0 0 0])
  ("address" .
   [5 0 0 0 0 0 0])
  ("little" .
   [4 0 0 0 0 0])
  ("system" .
   [13 0 0 0 0 0])
  ("m" .
   [5])
  ("endian" .
   [1 0 0 0 0 0])
  ("e" .
   [1])
  ("0x1000" .
   [1 0 0 0 0 0])
  ("byte" .
   [1 0 0 0])
  ("some" .
   [2 0 0 0])
  ("register" .
   [10 0 0 0 0 0 0 0])
  ("least" .
   [2 0 0 0 0])
  ("control" .
   [3 0 0 0 0 0 0])
  ("offset" .
   [2 0 0 0 0 0])
  ("reg" .
   [5 0 0])
  ("while" .
   [5 0 0 0 0])
  ("read" .
   [14 0 0 0])
  ("s" .
   [5])
  ("typedef" .
   [1 0 0 0 0 0 0])
  ("answer" .
   [1 0 0 0 0 0])
  ("question" .
   [1 0 0 1 0 0 0 0])
  ("Q5:" .
   [2 0 0])
  ("type" .
   [3 0 0 0])
  ("get" .
   [1 0 0])
  ("back" .
   [1 0 0 0])
  ("translate" .
   [1 0 0 0 0 0 0 0 0])
  ("them" .
   [1 0 0 0])
  ("31:0" .
   [1 0 0 0])
  ("7:0" .
   [1 0 0])
  ("add" .
   [2 0 0])
  ("need" .
   [4 0 0 0])
  ("datatx" .
   [1 0 0 0 0 0])
  ("datarx" .
   [1 0 0 0 0 0])
  ("T" .
   [1])
  ("myuart_reg" .
   [1 0 0 0 0 0 0 0 0 0])
  ("Add" .
   [1 0 0])
  ("interrupt" .
   [2 0 0 0 0 0 0 0 0])
  ("N" .
   [1])
  ("Note:" .
   [1 0 0 0 0])
  ("small" .
   [1 0 0 0 0])
  ("number" .
   [4 0 0 0 0 0])
  ("increase" .
   [1 0 0 0 0 0 0 0])
  ("performance" .
   [0 0 0 0 0 0 0 1 0 0 0])
  ("down" .
   [2 0 0 0])
  ("scale=1" .
   [1 0 0 0 0 0 0])
  ("1-NN" .
   [1 0 0 0])
  ("When" .
   [1 0 0 0])
  ("much" .
   [2 0 0 0])
  ("bigger" .
   [1 0 0 0 0 0])
  ("than" .
   [2 0 0 0])
  ("difference" .
   [2 0 0 0 0 0 0 0 0 0])
  ("classify" .
   [1 0 0 0 0 0 0 0])
  ("point" .
   [2 0 0 0 0])
  ("now" .
   [2 0 0])
  ("If" .
   [1 0])
  ("order" .
   [2 0 0 0 0])
  ("both" .
   [2 0 0 0])
  ("red" .
   [1 0 0])
  ("matrix" .
   [5 0 0 0 0 0])
  ("multiply" .
   [1 0 0 0 0 0 0 0])
  ("between" .
   [2 0 0 0 0 0 0])
  ("train" .
   [1 0 0 0 0])
  ("vector" .
   [1 0 0 0 0 0])
  ("instance" .
   [1 0 0 0 0 0 0 0])
  ("complexity" .
   [3 0 0 0 0 0 0 0 0 1])
  ("d+1" .
   [1 0 0])
  ("more" .
   [1 0 0 0])
  ("mathcal" .
   [5 0 0 0 0 0 0])
  ("i+1" .
   [16 0 0])
  ("cdot" .
   [11 0 0 0])
  ("-i+1" .
   [3 0 0 0])
  ("n-i-1" .
   [5 0 0 0 0])
  ("time" .
   [4 0 0 0])
  ("k-y" .
   [1 0 0])
  ("i+y" .
   [1 0 0])
  ("k=i+1" .
   [2 0 0 0 0])
  ("k=i+2" .
   [2 0 0 0 0])
  ("final" .
   [3 0 0 0 0])
  ("vi" .
   [1 0])
  ("alpha" .
   [4 0 0 0 0])
  ("Assume" .
   [1 0 0 0 0 0])
  ("are" .
   [6 0 0])
  ("features" .
   [1 0 0 0 0 0 0 1])
  ("maximum" .
   [1 0 0 0 0 0 0])
  ("max" .
   [2 0 0])
  ("find" .
   [1 0 0 0])
  ("best" .
   [1 0 0 0])
  ("problem" .
   [1 0 0 0 0 0 0])
  ("alignleft" .
   [1 0 0 0 0 0 0 0 0])
  ("phi" .
   [5 0 0])
  ("-2" .
   [1 0])
  ("test_led0" .
   [1 0 0 0 0 0 0 0 0])
  ("test_led1" .
   [1 0 0 0 0 0 0 0 0])
  ("test_led2" .
   [1 0 0 0 0 0 0 0 0])
  ("irq" .
   [1 0 0])
  ("font-size" .
   [0 1 0 0 0 0 0 0 0])
  ("large" .
   [0 0 0 0 1])
  ("hitter_flag" .
   [0 0 0 0 0 0 1 1 0 0 0])
  ("hitter" .
   [1 0 0 0 0 0])))
